x,y,z,rw,rx,ry,rz
0.0,0.12523484230041504,-0.5,1.0,0.0,0.0,0.0
0.0,0.12523484230041504,-0.5,0.984807789325714,0.0,-0.1736481636762619,0.0
0.0,0.12523484230041504,-0.5,0.9396926760673524,0.0,-0.3420201539993286,0.0
0.0,0.12523484230041504,-0.5,0.8660253882408142,0.0,-0.4999999403953552,0.0
0.4330126345157623,0.12523484230041504,-0.75,0.8660253882408142,0.0,-0.4999999403953552,0.0
0.8660252690315247,0.12523484230041504,-1.0,0.8660253882408142,0.0,-0.4999999403953552,0.0
1.2990379333496094,0.12523484230041504,-1.25,0.8660253882408142,0.0,-0.4999999403953552,0.0
1.515544295310974,0.12523484230041504,-1.375,0.906307816505432,0.0,-0.4226182401180267,0.0
1.515544295310974,0.12523484230041504,-1.375,0.9659258723258972,0.0,-0.25881904363632197,0.0
1.765544295310974,0.12523484230041504,-1.8080127239227293,0.9659258723258972,0.0,-0.25881904363632197,0.0
2.015544414520264,0.12523484230041504,-2.24102520942688,0.9659258723258972,0.0,-0.25881904363632197,0.0
2.140544414520264,0.12523484230041504,-2.457531452178955,0.9396926760673524,0.0,-0.3420201539993286,0.0
2.140544414520264,0.12523484230041504,-2.457531452178955,0.8660253882408142,0.0,-0.4999999403953552,0.0
2.140544414520264,0.12523484230041504,-2.457531452178955,0.7660444378852844,0.0,-0.6427875757217407,0.0
2.390544414520264,0.12523484230041504,-2.457531452178955,0.7071068286895752,0.0,-0.7071068286895752,0.0
2.390544414520264,0.12523484230041504,-2.457531452178955,0.5735764503479004,0.0,-0.8191519975662231,0.0
2.390544414520264,0.12523484230041504,-2.457531452178955,0.4226183295249939,0.0,-0.9063077569007874,0.0
2.551241397857666,0.12523484230041504,-2.2660202980041504,0.3420202136039734,0.0,-0.9396926164627076,0.0
2.7119383811950684,0.12523484230041504,-2.0745091438293457,0.2588191032409668,0.0,-0.9659258127212524,0.0
2.9619383811950684,0.12523484230041504,-1.6414964199066162,0.2588191032409668,0.0,-0.9659258127212524,0.0
3.0869383811950684,0.12523484230041504,-1.4249900579452517,0.17364826798439026,0.0,-0.984807789325714,0.0
3.257948398590088,0.12523484230041504,-0.9551436305046082,0.17364826798439026,0.0,-0.984807789325714,0.0
3.4289584159851074,0.12523484230041504,-0.4852972626686096,0.17364826798439026,0.0,-0.984807789325714,0.0
3.4723706245422363,0.12523484230041504,-0.2390953600406647,0.08715583384037018,0.0,-0.9961946606636048,0.0
3.5591950416564937,0.12523484230041504,0.2533084452152252,0.08715583384037018,0.0,-0.9961946606636048,0.0
3.646019458770752,0.12523484230041504,0.7457122802734375,0.08715583384037018,0.0,-0.9961946606636048,0.0
3.646019458770752,0.12523484230041504,0.7457122802734375,-0.08715564012527466,0.0,-0.9961947202682496,0.0
3.5605144500732417,0.12523484230041504,0.9806354641914368,-0.17364805936813354,0.0,-0.984807789325714,0.0
3.3895044326782227,0.12523484230041504,1.45048189163208,-0.17364805936813354,0.0,-0.984807789325714,0.0
3.218494415283203,0.12523484230041504,1.920328140258789,-0.17364805936813354,0.0,-0.984807789325714,0.0
3.1750824451446533,0.12523484230041504,2.1665301322937007,-0.08715563267469406,0.0,-0.9961947798728944,0.0
3.0882585048675537,0.12523484230041504,2.6589341163635254,-0.08715563267469406,0.0,-0.9961947798728944,0.0
3.044846534729004,0.12523484230041504,2.905136108398437,-0.17364805936813354,0.0,-0.9848078489303588,0.0
3.044846534729004,0.12523484230041504,2.905136108398437,-0.34202003479003906,0.0,-0.9396927356719972,0.0
2.723452568054199,0.12523484230041504,3.288158416748047,-0.34202003479003906,0.0,-0.9396927356719972,0.0
2.5319414138793945,0.12523484230041504,3.4488554000854488,-0.4226181209087372,0.0,-0.906307816505432,0.0
2.1489191055297847,0.12523484230041504,3.770249366760254,-0.4226181209087372,0.0,-0.906307816505432,0.0
1.95740807056427,0.12523484230041504,3.930946350097656,-0.4999998807907105,0.0,-0.8660255074501038,0.0
1.95740807056427,0.12523484230041504,3.930946350097656,-0.6427875161170961,0.0,-0.7660446166992188,0.0
1.4650040864944458,0.12523484230041504,4.017770767211913,-0.6427875161170961,0.0,-0.7660446166992188,0.0
1.4650040864944458,0.12523484230041504,4.017770767211913,-0.7660442590713501,0.0,-0.642787754535675,0.0
1.4650040864944458,0.12523484230041504,4.017770767211913,-0.8660252094268799,0.0,-0.5000002384185791,0.0
1.4650040864944458,0.12523484230041504,4.017770767211913,-0.9396925568580629,0.0,-0.3420204520225525,0.0
1.3400039672851562,0.12523484230041504,3.801264524459839,-0.9659258127212524,0.0,-0.2588193416595459,0.0
1.0900037288665771,0.12523484230041504,3.3682520389556885,-0.9659258127212524,0.0,-0.2588193416595459,0.0
0.8400034904479979,0.12523484230041504,2.935239553451538,-0.9659258127212524,0.0,-0.2588193416595459,0.0
0.8400034904479979,0.12523484230041504,2.935239553451538,-0.9063076972961426,0.0,-0.422618567943573,0.0
0.8400034904479979,0.12523484230041504,2.935239553451538,-0.8191518783569336,0.0,-0.5735767483711243,0.0
0.37015700340271,0.12523484230041504,2.7642300128936768,-0.8191518783569336,0.0,-0.5735767483711243,0.0
-0.09968945384025574,0.12523484230041504,2.5932204723358154,-0.8191518783569336,0.0,-0.5735767483711243,0.0
-0.5695359110832214,0.12523484230041504,2.422210931777954,-0.8191518783569336,0.0,-0.5735767483711243,0.0
-0.786042332649231,0.12523484230041504,2.297211170196533,-0.8660252094268799,0.0,-0.5000002980232239,0.0
-0.786042332649231,0.12523484230041504,2.297211170196533,-0.9396925568580629,0.0,-0.3420205116271973,0.0
-0.786042332649231,0.12523484230041504,2.297211170196533,-0.9848076701164246,0.0,-0.17364853620529175,0.0
-0.9570527076721193,0.14562296867370605,1.827364921569824,-0.9848076701164246,0.0,-0.17364853620529175,0.0
-1.042557954788208,0.15153741836547852,1.5924417972564695,-0.9961946606636048,0.0,-0.08715612441301346,0.0
-1.1293823719024658,0.15635204315185547,1.1000380516052246,-0.9961946606636048,0.0,-0.08715612441301346,0.0
-1.1293823719024658,0.15635204315185547,1.1000380516052246,-0.9961947798728944,0.0,0.08715534955263138,0.0
-1.1293823719024658,0.15635204315185547,1.1000380516052246,-0.965925931930542,0.0,0.25881865620613104,0.0
-1.1293823719024658,0.15635204315185547,1.1000380516052246,-0.9063079953193665,0.0,0.4226179420948029,0.0
-1.1293823719024658,0.15635204315185547,1.1000380516052246,-0.819152295589447,0.0,0.5735761523246765,0.0
-0.6595361232757568,0.12523484230041504,0.9290276169776917,-0.819152295589447,0.0,0.5735761523246765,0.0
-0.18968988955020905,0.12523484230041504,0.7580172419548035,-0.819152295589447,0.0,0.5735761523246765,0.0
0.2801563143730164,0.12523484230041504,0.5870068669319153,-0.819152295589447,0.0,0.5735761523246765,0.0
0.7500025629997253,0.12523484230041504,0.4159964919090271,-0.819152295589447,0.0,0.5735761523246765,0.0
0.7500025629997253,0.12523484230041504,0.4159964919090271,-0.9063079357147216,0.0,0.4226179420948029,0.0
0.7500025629997253,0.12523484230041504,0.4159964919090271,-0.965925931930542,0.0,0.25881871581077576,0.0
0.7500025629997253,0.12523484230041504,0.4159964919090271,-0.9961947798728944,0.0,0.08715541660785675,0.0
0.7500023841857909,0.12523484230041504,0.1659964919090271,-1.0,0.0,-3.2037493724601523e-07,0.0
0.7500023841857909,0.12523484230041504,0.1659964919090271,-0.984807789325714,0.0,-0.17364847660064694,0.0
0.7500023841857909,0.12523484230041504,0.1659964919090271,-0.9396925568580629,0.0,-0.3420204222202301,0.0
0.7500023841857909,0.12523484230041504,0.1659964919090271,-0.8660253286361694,0.0,-0.5000002384185791,0.0
0.7500023841857909,0.12523484230041504,0.1659964919090271,-0.7660442590713501,0.0,-0.6427878141403198,0.0
0.7500023841857909,0.12523484230041504,0.1659964919090271,-0.6427874565124512,0.0,-0.7660446166992188,0.0
0.25759851932525635,0.12523484230041504,0.2528208494186401,-0.6427874565124512,0.0,-0.7660446166992188,0.0
0.011396586894989014,0.12523484230041504,0.29623302817344666,-0.5735762715339661,0.0,-0.8191522359848022,0.0
-0.4584496915340424,0.12523484230041504,0.4672434031963349,-0.5735762715339661,0.0,-0.8191522359848022,0.0
-0.9282959699630736,0.13702142238616946,0.6382537484169006,-0.5735762715339661,0.0,-0.8191522359848022,0.0
-1.3981422185897827,0.1778775453567505,0.8092641234397888,-0.5735762715339661,0.0,-0.8191522359848022,0.0
-1.867988467216492,0.2206794023513794,0.980274498462677,-0.5735762715339661,0.0,-0.8191522359848022,0.0
-1.867988467216492,0.2206794023513794,0.980274498462677,-0.4226180613040924,0.0,-0.9063078761100768,0.0
-1.867988467216492,0.2206794023513794,0.980274498462677,-0.2588188946247101,0.0,-0.965925931930542,0.0
-1.867988467216492,0.2206794023513794,0.980274498462677,-0.08715559542179108,0.0,-0.9961947798728944,0.0
-1.9114004373550413,0.2273993492126465,1.226476550102234,1.4901159772762187e-07,0.0,-1.0,0.0
-1.9114001989364624,0.2313354015350341,1.726476550102234,1.4901159772762187e-07,0.0,-1.0,0.0
-1.9113999605178835,0.237033486366272,2.2264766693115234,1.4901159772762187e-07,0.0,-1.0,0.0
-1.911399722099304,0.2428609132766724,2.7264766693115234,1.4901159772762187e-07,0.0,-1.0,0.0
-1.911399483680725,0.21514880657196045,3.2264766693115234,1.4901159772762187e-07,0.0,-1.0,0.0
-1.911399245262146,0.17003893852233887,3.726476669311523,1.4901159772762187e-07,0.0,-1.0,0.0
-1.911399006843567,0.18990421295166016,4.2264766693115225,1.4901159772762187e-07,0.0,-1.0,0.0
-1.9113988876342767,0.19970810413360604,4.476476669311523,0.08715588599443436,0.0,-0.9961947202682496,0.0
-1.9113988876342767,0.19970810413360604,4.476476669311523,0.258819192647934,0.0,-0.9659258723258972,0.0
-1.9113988876342767,0.19970810413360604,4.476476669311523,0.42261838912963867,0.0,-0.9063076972961426,0.0
-1.7198877334594729,0.1677759885787964,4.637173652648926,0.5000001192092896,0.0,-0.8660253286361694,0.0
-1.2868750095367432,0.12523484230041504,4.887173652648926,0.5000001192092896,0.0,-0.8660253286361694,0.0
-0.8538622856140137,0.12523484230041504,5.137173652648926,0.5000001192092896,0.0,-0.8660253286361694,0.0
-0.6373559236526489,0.12523484230041504,5.262173652648926,0.42261838912963867,0.0,-0.9063076972961426,0.0
-0.4766589403152466,0.12523484230041504,5.4536848068237305,0.34202027320861816,0.0,-0.9396926164627076,0.0
-0.1552649885416031,0.12523484230041504,5.83670711517334,0.34202027320861816,0.0,-0.9396926164627076,0.0
0.1661289483308792,0.12523484230041504,6.219729423522949,0.34202027320861816,0.0,-0.9396926164627076,0.0
0.4875229001045227,0.12523484230041504,6.602751731872559,0.34202027320861816,0.0,-0.9396926164627076,0.0
0.648219883441925,0.12523484230041504,6.794262886047362,0.42261838912963867,0.0,-0.9063077569007874,0.0
0.648219883441925,0.12523484230041504,6.794262886047362,0.5735765695571899,0.0,-0.8191519975662231,0.0
1.1180663108825684,0.12523484230041504,6.965272903442383,0.5735765695571899,0.0,-0.8191519975662231,0.0
1.5879127979278564,0.12523484230041504,7.136282920837402,0.5735765695571899,0.0,-0.8191519975662231,0.0
1.8044191598892207,0.12523484230041504,7.261282920837402,0.5000001192092896,0.0,-0.8660252690315247,0.0
2.23743200302124,0.12523484230041504,7.511282920837402,0.5000001192092896,0.0,-0.8660252690315247,0.0
2.670444965362549,0.12523484230041504,7.761282920837402,0.5000001192092896,0.0,-0.8660252690315247,0.0
2.9053680896759038,0.12523484230041504,7.846787929534912,0.5735766291618347,0.0,-0.8191519379615784,0.0
3.3752143383026123,0.12523484230041504,8.017797470092772,0.5735766291618347,0.0,-0.8191519379615784,0.0
3.621416330337525,0.12523484230041504,8.061209678649902,0.642787754535675,0.0,-0.7660442590713501,0.0
4.1138200759887695,0.12523484230041504,8.14803409576416,0.642787754535675,0.0,-0.7660442590713501,0.0
4.3638200759887695,0.12523484230041504,8.14803409576416,0.7071069478988647,0.0,-0.7071066498756409,0.0
4.6138200759887695,0.12523484230041504,8.14803409576416,0.7660446166992188,0.0,-0.6427875161170961,0.0
4.6138200759887695,0.12523484230041504,8.14803409576416,0.8660255074501038,0.0,-0.4999998807907105,0.0
